,選擇,股票代號,時間,成交,買進,賣出,漲跌,張數,昨收,開盤,最高,最低
1101 台泥,14:30,38.00,37.95,38.00,0.00,8,455,38.00,38.00,38.10,37.75
1101B 台泥乙特,13:30,51.5,51.4,51.5,0.00,205,51.5,51.4,51.5,51.4
1102 亞泥,14:30,38.00,37.95,38.00,▽0.15,5,322,38.15,38.00,38.10,37.75
1103 嘉泥,14:30,13.80,13.80,13.85,▽0.05,381,13.85,13.80,13.80,13.75
1104 環泥,13:30,19.85,19.80,19.85,0.00,186,19.85,19.85,19.90,19.75
1108 幸福,13:30,7.32,7.32,7.34,▽0.07,273,7.39,7.39,7.45,7.32
1109 信大,14:30,13.90,13.90,13.95,▽0.05,68,13.95,13.95,14.00,13.90
1110 東泥,13:30,16.40,16.10,16.40,△0.20,19,16.20,16.05,16.40,16.05,,,ѲN,ɶ,,Ri,X,^,i,Q,}L,̰,̧C
1101 xd,14:30,38.65,38.65,38.70,0.05,16,769,38.60,38.70,38.80,38.55
1101B xdAS,13:30,51.7,51.6,51.7,0.1,55,51.6,51.6,51.7,51.6
1102 Ȫd,14:30,39.00,39.00,39.05,0.10,13,963,38.90,38.75,39.15,38.60
1103 Ūd,14:30,13.95,13.95,14.00,0.00,710,13.95,13.95,14.05,13.90
1104 d,13:30,19.60,19.60,19.70,0.10,364,19.70,19.70,19.75,19.60
1108 ,13:30,7.45,7.45,7.46,0.00,95,7.45,7.46,7.46,7.41
1109 Hj,13:30,13.95,13.85,13.95,0.00,31,13.95,13.90,13.95,13.85
1110 Fd,13:30,16.35,16.25,16.35,0.05,54,16.30,16.30,16.50,16.15,,,ѲN,ɶ,,Ri,X,^,i,Q,}L,̰,̧C
1101 xd,14:30,37.80,37.80,37.85,0.85,42,428,38.65,38.75,38.85,37.60
1101B xdAS,14:30,51.7,51.6,51.8,0.00,145,51.7,51.6,51.7,51.6
1102 Ȫd,14:30,37.65,37.60,37.65,1.35,22,738,39.00,38.95,39.00,37.60
1103 Ūd,14:30,14.00,13.95,14.00,0.05,904,13.95,14.00,14.10,13.90
1104 d,13:30,19.80,19.75,19.80,0.20,240,19.60,19.60,19.80,19.60
1108 ,12:55,7.45,7.45,7.46,0.00,45,7.45,7.41,7.45,7.35
1109 Hj,13:30,13.90,13.85,13.90,0.05,55,13.95,13.85,13.90,13.80
1110 Fd,13:30,16.40,16.40,16.45,0.05,71,16.35,16.40,16.50,16.25,,,ѲN,ɶ,,Ri,X,^,i,Q,}L,̰,̧C
1101 xd,14:30,37.80,37.80,37.85,0.85,42,428,38.65,38.75,38.85,37.60
1101B xdAS,14:30,51.7,51.6,51.8,0.00,145,51.7,51.6,51.7,51.6
1102 Ȫd,14:30,37.65,37.60,37.65,1.35,22,738,39.00,38.95,39.00,37.60
1103 Ūd,14:30,14.00,13.95,14.00,0.05,904,13.95,14.00,14.10,13.90
1104 d,13:30,19.80,19.75,19.80,0.20,240,19.60,19.60,19.80,19.60
1108 ,12:55,7.45,7.45,7.46,0.00,45,7.45,7.41,7.45,7.35
1109 Hj,13:30,13.90,13.85,13.90,0.05,55,13.95,13.85,13.90,13.80
1110 Fd,13:30,16.40,16.40,16.45,0.05,71,16.35,16.40,16.50,16.25,,,ѲN,ɶ,,Ri,X,^,i,Q,}L,̰,̧C
1101 xd,14:30,37.80,37.80,37.85,0.85,42,428,38.65,38.75,38.85,37.60
1101B xdAS,14:30,51.7,51.6,51.8,0.00,145,51.7,51.6,51.7,51.6
1102 Ȫd,14:30,37.65,37.60,37.65,1.35,22,738,39.00,38.95,39.00,37.60
1103 Ūd,14:30,14.00,13.95,14.00,0.05,904,13.95,14.00,14.10,13.90
1104 d,13:30,19.80,19.75,19.80,0.20,240,19.60,19.60,19.80,19.60
1108 ,12:55,7.45,7.45,7.46,0.00,45,7.45,7.41,7.45,7.35
1109 Hj,13:30,13.90,13.85,13.90,0.05,55,13.95,13.85,13.90,13.80
1110 Fd,13:30,16.40,16.40,16.45,0.05,71,16.35,16.40,16.50,16.25,